mean absolute differences 20150812

simapp: 0.110373
diffapp: 0.051332
